   ID   EstSteps/Gap%            Cost
  215              31      1.04878200
   94              31      0.83573500
  590              31      0.86882100
  301              31      0.74701200
  386              31      1.01043700
  112              31      0.93557300
  523              31      0.89337000
  436              15      0.97719000
  452              15      0.79747600
  531              15      0.84837200
  553              15      0.91311100
  397              15      1.00384300
  586              15      0.77872600
  190              15      0.72791200
  179              15      0.89584400
  298              15      0.78593800
  551              15      0.83409600
  492              15      0.65189700
  194              15      0.85903700
  477              15      0.86366900
  252              15      0.90980300
  506              15      0.82414900
  424              15      0.95630800
  165              15      0.77491800
  537              15      1.10376400
  503              15      0.65849200
  177               7      0.64621700
   53               7      0.73407700
  543               7      0.68779800
  410               7      0.76720100
  343               7      0.77236700
  462               7      0.86749600
  272               7      0.78063100
    1               7      0.82445900
  463               7      0.92839400
  516               7      0.65060200
  418               7      0.88535700
  400               7      0.93721100
  155               7      0.89113300
  358               0      0.63440000
   97               0      0.70967100
  257               0      0.80105700
  154               0      0.62398300
  248               0      0.73146600
  544               0      0.73824400
  403               0      0.75198100
  429               0      0.74610200
   67               0      0.69952700
  525               0      0.65928400
  391               0      0.70208600
  186               0      0.84341600
  420               0      0.74426400
  371               0      0.66706800
   77               0      0.89685900
  216               0      0.63498900
   14               0      0.72237200
  647               0      0.74402800
  545               0      0.63479900
  444               0      0.76522800
  441               0      0.72708300
  542               0      0.69311600
  381               0      0.86224900
    2               0      0.83058500
  479               0      0.65966700
  133               0      0.67018200
  327               0      0.71537900
  569               0      0.81606800
  153               0      0.88146200
  521               0      0.74570100
  500               0      0.78193200
  123               0      0.75598800
  349               0      1.00159200
  245               0      0.79751800
   29               0      0.85699000
  520               0      0.90497400
  560               0      0.78303100
  467               0      0.79508800
   33               0      0.77247200
  422               0      0.71132900
  324               0      0.70026400
  566               0      0.73495000
  684               0      0.89231400
  289               0      0.77146300
  559               0      0.81109000
  222               0      0.66230400
  679               0      0.81489700
  451               0      0.88865800
  426               0      0.78145500
  101               0      0.75274400
   47               0      0.59820600
  450               0      0.89591100
  533               0      0.73980200
  207               0      0.96873000
  572               0      0.83896900
  417               0      0.81815900
  217               0      0.87726500
  548               0      0.81951100
  368               0      0.80774900
  119               0      0.74169500
  639               0      0.82997200
  490               0      0.84120100
  437               0      0.82686500
  193               0      0.71532200
  487               0      0.64571700
  447               0      0.88830000
  329               0      0.71947800
  306               0      0.70319200
  243               0      0.77787900
  653               0      0.87226700
  394               0      0.89415100
  379               0      0.71797400
  315               0      0.94553900
  288               0      0.71985300
  224               0      0.71794400
  720               0      0.75586500
  561               0      0.80488200
  491               0      0.59031700
    0               0      0.88118600
  389               0      0.57260200
   72               0      0.67581800
  562               0      0.90804000
  475               0      0.81263300
  582               0      0.93992200
  261               0      0.66640900
  137               0      0.83597400
   42               0      0.80648000
   26               0      0.90776500
  515               0      0.89219300
  364               0      0.93622700
  234               0      0.72011500
   24               0      0.96608900
  469               0      0.84058100
  372               0      0.65740700
  348               0      0.71152100
  267               0      0.76364000
  577               0      0.90108300
  517               0      0.86465600
  405               0      0.72546600
  350               0      0.74564700
  221               0      0.72010600
   58               0      0.70061300
  712               0      0.72350300
  578               0      0.81816800
  555               0      0.71815100
   61               0      0.83560500
  278               0      0.62932900
  180               0      0.64525700
  128               0      0.66709300
  240               0      0.48864800
  466               0      0.76466200
  412               0      0.96504800
  375               0      0.71596500
  113               0      0.65055700
   75               0      0.73634700
  342               0      0.72962100
  135               0      0.83047900
  286               0      0.60182100
   68               0      0.69766500
   23               0      0.82319900
  693               0      0.67115700
  651               0      0.75541100
  539               0      0.78444200
  407               0      0.75800800
  274               0      0.74237500
  725               0      0.85518900
  607               0      0.80095500
  377               0      0.64971200
  370               0      0.71256200
  208               0      0.70955700
   65               0      0.81151900
  556               0      0.89375000
  355               0      0.44036600
   71               0      0.65323000
   52               0      0.69837000
   10               0      0.63011900
  602               0      0.50085900
   43               0      0.64440300
   78               0      0.78380600
  702               0      0.61678100
  320               0      0.69757200
  439               0      0.73076000
  127               0      0.68271200
  579               0      0.76448400
  352               0      0.71178400
  296               0      0.71917800
  235               0      0.65467100
  141               0      0.71876800
   13               0      0.80901200
  713               0      0.79453600
  625               0      0.80539000
  518               0      0.62796500
  307               0      0.83011200
  209               0      0.84182900
  114               0      0.72947000
   50               0      0.57694900
  730               0      0.62033900
  714               0      0.55477400
  616               0      0.60154000
  528               0      0.77945500
  468               0      0.76361400
  465               0      0.57421400
  285               0      0.81958500
  271               0      0.80183300
  122               0      0.72612600
  473               0      0.55089000
  259               0      0.48470000
   74               0      0.69936300
  669               0      0.71901600
  454               0      0.66726700
  385               0      0.71148400
  369               0      0.68252300
  640               0      0.75793100
  488               0      0.63011300
  263               0      0.45648400
   88               0      0.95582400
   93               0      0.67125500
   17               0      0.95201500
  659               0      0.74238800
  608               0      0.60814600
  606               0      0.92772400
  482               0      0.92872100
  408               0      0.54771100
  388               0      0.84938700
  249               0      0.79109600
  229               0      0.69310200
  225               0      0.62538200
  192               0      0.73617800
   82               0      0.64668300
  710               0      0.78615400
  655               0      0.53402700
  612               0      0.75086800
  597               0      0.68385500
  411               0      0.86494600
  354               0      0.70447100
  156               0      0.63442900
  685               0      0.86701100
  673               0      0.65674400
  638               0      0.66028300
  605               0      0.79503500
  446               0      0.56438400
  434               0      0.99814900
  287               0      0.72458500
  170               0      0.72190300
  157               0      0.82211400
  104               0      0.80350400
  461               0      0.75151900
  353               0      0.52824200
  299               0      0.82186700
  242               0      0.69997400
  175               0      0.77141600
  629               0      0.68803500
  313               0      0.56367600
  254               0      0.59895900
  213               0      0.53537100
  557               0      0.78464200
  431               0      0.78776800
   79               0      0.84256400
   39               0      0.75745200
  728               0      0.75258400
  715               0      0.74145600
  696               0      0.70961100
  648               0      0.72471300
  637               0      0.88526100
  610               0      0.78179800
  581               0      0.69294300
  495               0      0.68429700
  309               0      0.74037600
  260               0      0.80576800
  687               0      0.53715400
  641               0      0.81774900
  617               0      0.71668300
  615               0      0.66905000
  536               0      0.80907100
  387               0      0.72794800
  269               0      0.78288900
  255               0      0.78305900
  203               0      0.64223800
  200               0      0.96224900
   35               0      0.58526200
  709               0      0.80300000
  584               0      0.76752400
  485               0      0.60530400
  396               0      0.67652600
  188               0      0.64191100
   90               0      0.76954300
   48               0      0.76208900
  583               0      0.93924700
  524               0      1.07860600
  522               0      0.78162300
  510               0      1.01657000
  414               0      0.64354100
  367               0      0.94401800
  283               0      0.70501000
  239               0      0.62783900
  206               0      0.57464900
   85               0      1.11430000
   55               0      0.79664200
  703               0      0.76099100
  666               0      0.67782900
  664               0      0.62525400
  513               0      0.63223200
  453               0      0.56082400
  433               0      0.53074400
  275               0      0.63527100
  268               0      0.64465800
   69               0      0.53616900
  599               0      0.85003400
  478               0      0.97128700
  238               0      0.47705600
  173               0      0.84488300
  162               0      0.69947400
  161               0      0.49721400
  149               0      0.50362100
  144               0      0.66501400
  152               0      0.78950900
  587               0      0.85545800
  399               0      0.66769600
  163               0      0.66302800
  511               0      0.79494900
  185               0      0.67176100
   21               0      0.62299800
   20               0      0.64522500
  658               0      0.67251700
  634               0      0.83606900
  575               0      0.70052400
  574               0      0.85415200
  333               0      0.77337800
  219               0      0.74293800
  131               0      0.62259300
  120               0      0.65921200
  691               0      0.66725500
  660               0      0.94483500
  295               0      0.60219300
  244               0      0.91496200
  195               0      0.73841100
  126               0      0.81804000
   92               0      0.59634900
  701               0      0.82780200
  563               0      0.68462500
  440               0      0.86156000
  360               0      0.65362600
  323               0      0.62444500
  262               0      0.87256400
  130               0      0.82673200
   64               0      0.83649300
   15               0      0.78691600
  652               0      0.70149600
  365               0      0.63249000
  345               0      0.68589500
  314               0      0.78299200
  143               0      0.46361500
  593               0      0.65277500
  138               0      0.41387700
  527               0      0.38638200
  148               0      0.46642900
  382               0      0.81804200
  121               0      0.62809100
  646               0      1.05776300
  621               0      0.59429100
  280               0      0.66388800
  145               0      0.69955700
  700               0      0.55183000
  686               0      0.62342400
  642               0      0.74509200
  620               0      0.71368700
  611               0      0.56146700
  604               0      0.80895600
  567               0      0.65929000
  552               0      0.67073900
  532               0      0.77321500
  514               0      0.74547300
  428               0      0.50591700
  214               0      0.67509800
  205               0      0.66953100
  146               0      0.66706300
  142               0      0.59741600
  722               0      0.62641000
  717               0      0.66557900
  681               0      0.76737900
  496               0      0.70793000
  464               0      0.87837900
  390               0      0.61632000
  362               0      0.57609000
  346               0      0.58969800
  308               0      0.73767200
  300               0      0.42930200
  247               0      0.80852000
  210               0      0.74162200
  150               0      0.53302600
  132               0      0.75796600
   83               0      0.61349900
  724               0      0.51780500
  670               0      0.69070300
  273               0      0.55173700
  251               0      0.48501600
  232               0      0.79243800
  134               0      0.73860200
  118               0      0.65490500
   27               0      0.56504400
  326               0      0.83967500
  311               0      0.34541200
  564               0      0.83524700
  282               0      0.80552200
  109               0      0.98288000
  688               0      0.70780800
  667               0      0.69246400
  663               0      0.79833900
  649               0      0.79687300
  645               0      0.67623500
  472               0      0.81750300
  443               0      0.69547100
  312               0      0.71104100
  250               0      0.74719300
  167               0      1.02124800
   38               0      0.48507600
  719               0      0.93790400
  718               0      0.64153700
  716               0      0.59580100
  678               0      0.62829000
  632               0      0.69149800
  519               0      0.62873500
  486               0      0.76647400
  471               0      0.94933000
  470               0      0.59661200
  406               0      0.87664500
  340               0      0.75976000
  236               0      0.49038600
  228               0      0.40634000
  199               0      0.88169400
  191               0      0.59907000
  129               0      0.79439800
  111               0      0.58181300
   96               0      0.76957800
   37               0      0.78423200
   22               0      0.56268500
  723               0      0.52787400
  689               0      0.61813500
  665               0      0.67859500
  633               0      0.79106300
  591               0      0.71554200
  502               0      0.81797800
  442               0      0.40790700
  435               0      0.35631000
  430               0      0.56824900
  419               0      0.55755300
  361               0      0.86887200
  338               0      0.84373600
  322               0      0.69339400
  321               0      0.78231100
  318               0      0.51930400
  294               0      0.70360900
  281               0      0.86495300
  270               0      0.75451100
  227               0      0.44562000
  226               0      0.57469600
  223               0      0.80044200
   60               0      0.55934800
   19               0      0.40702600
   11               0      0.43180300
  603               0      0.70575700
  512               0      0.50284800
  508               0      0.66347300
  481               0      0.62179300
  421               0      0.64042200
  376               0      0.52187900
  328               0      0.91753600
  317               0      0.40400600
  204               0      0.48719600
   89               0      0.20199100
  181               0      0.77619200
   99               0      0.95789300
  695               0      0.59513900
  627               0      0.67944500
  588               0      0.73522900
  549               0      0.72966500
  402               0      0.71848500
  116               0      0.66188900
   98               0      0.56377500
   16               0      0.74338200
  726               0      0.52705100
  676               0      0.73491100
  657               0      0.56950500
  644               0      0.51993500
  628               0      0.50245800
  618               0      0.63032100
  609               0      0.81448300
  596               0      0.73822600
  585               0      0.72290900
  554               0      0.73166900
  541               0      0.51478900
  507               0      0.74754000
  493               0      0.59810500
  484               0      0.83805100
  445               0      0.46452900
  427               0      0.73581000
  423               0      0.72438600
  404               0      1.02468600
  356               0      0.60723500
  319               0      0.88944600
  310               0      0.70443800
  284               0      0.73637600
  241               0      0.24552000
  233               0      0.73197100
  218               0      0.46850200
  212               0      0.64384500
  197               0      0.79032900
  171               0      0.57663400
  160               0      0.84949100
  159               0      0.90389600
  136               0      0.60849700
  103               0      0.82022700
  100               0      0.45524600
   87               0      0.64381500
   81               0      0.75118100
   59               0      0.86426000
   25               0      0.50287200
  708               0      0.75399400
  595               0      0.74731200
  547               0      0.46827200
  497               0      0.79938100
  474               0      0.39047700
  455               0      0.71596000
  380               0      0.26752000
  373               0      0.99691700
  363               0      0.20827000
  347               0      0.93198400
  325               0      0.68944500
  304               0      0.39584600
  297               0      0.75673000
  231               0      0.62358400
  174               0      0.30544000
  168               0      0.52867100
  115               0      0.50503700
   62               0      0.61628700
   57               0      0.55249500
   51               0      0.53717600
   44               0      0.84781700
    5               0      0.63720200
  680               0      0.56842400
  631               0      0.77221600
  630               0      0.62874800
  624               0      0.84628600
  558               0      0.72213900
  540               0      0.74316100
  505               0      0.79302400
  438               0      0.48855900
  378               0      0.72484600
  334               0      0.63985300
  332               0      0.68590300
  331               0      0.76248300
  330               0      0.44233400
  293               0      0.50866700
  220               0      0.90373900
  176               0      0.59444000
  172               0      0.43773600
  140               0      0.66725800
  124               0      0.76984800
  117               0      0.87191800
  108               0      0.72126500
  106               0      0.76996900
   91               0      0.50184800
   86               0      0.87614300
   36               0      0.90588100
  727               0      0.54529800
  707               0      0.68801700
  694               0      0.57576200
  677               0      0.58267500
  650               0      0.42044600
  626               0      0.76940600
  623               0      0.41163900
  619               0      0.70187200
  614               0      0.63584900
  594               0      0.82267500
  580               0      0.60889900
  576               0      0.50205800
  546               0      0.82960300
  538               0      0.64530800
  530               0      0.72368200
  483               0      0.53196300
  480               0      0.78937700
  476               0      0.95145600
  460               0      0.73612500
  457               0      0.94680400
  456               0      0.22141300
  448               0      0.58912100
  425               0      0.42438400
  416               0      0.84178100
  415               0      0.40600200
  409               0      0.88164100
  401               0      0.85315100
  384               0      0.76324200
  383               0      0.61838000
  374               0      0.36474000
  366               0      0.73493200
  344               0      0.65876200
  341               0      0.34651400
  336               0      0.68174200
  305               0      0.61439500
  302               0      0.91132800
  279               0      0.99380500
  264               0      0.63149900
  253               0      0.47851500
  198               0      0.48873800
  189               0      0.49883100
  182               0      0.62572900
  169               0      0.74128500
  164               0      0.66275800
  139               0      0.71981200
   70               0      0.70526300
   54               0      0.68795300
   41               0      0.59725000
   28               0      0.58831100
   12               0      0.81248000
    9               0      0.49029400
  733               0      0.00000000
  729               0      0.00000000
  721               0      0.02094100
  698               0      0.00000000
  697               0      0.00809200
  683               0      0.00234800
  675               0      0.00000000
  672               0      0.00000000
  662               0      0.00000000
  661               0      0.00000000
  656               0      0.00000000
  643               0      0.00000000
  635               0      0.00523900
  613               0      0.00204000
  601               0      0.00000000
  598               0      0.00000000
  592               0      0.00000000
  570               0      0.00000000
  568               0      0.00000000
  535               0      0.00000000
  534               0      0.00000000
  526               0      0.00000000
  494               0      0.00468600
  489               0      0.00000000
  459               0      0.00000000
  449               0      0.00000000
  432               0      0.00000000
  413               0      0.00674400
  398               0      0.00784000
  395               0      0.00348600
  393               0      0.00449400
  392               0      0.00922300
  357               0      0.00000000
  351               0      0.03148700
  339               0      0.00000000
  303               0      0.00238700
  292               0      0.00451200
  291               0      0.00541900
  290               0      0.00000000
  266               0      0.00000000
  258               0      0.00000000
  256               0      0.00067200
  184               0      0.00388000
  183               0      0.00000000
  178               0      0.00000000
  158               0      0.00000000
  147               0      0.00000000
  125               0      0.02679900
  110               0      0.00000000
  105               0      0.01309400
  102               0      0.00000000
   95               0      0.00212700
   84               0      0.00000000
   80               0      0.00000000
   66               0      0.00221400
   63               0      0.00000000
   56               0      0.00000000
   49               0      0.00614900
   45               0      0.00000000
   40               0      0.00000000
   34               0      0.00000000
   32               0      0.00000000
   30               0      0.00367300
    6               0      0.00000000
    4               0      0.00000000
    3               0      0.05394200
  732               0      0.00000000
  731               0      0.00000000
  711               0      0.00000000
  706               0      0.00000000
  705               0      0.00000000
  704               0      0.00000000
  699               0      0.00000000
  692               0      0.00000000
  690               0      0.00000000
  682               0      0.00000000
  674               0      0.00000000
  671               0      0.00000000
  668               0      0.00000000
  654               0      0.00000000
  636               0      0.00000000
  622               0      0.00000000
  600               0      0.00000000
  589               0      0.00000000
  573               0      0.00000000
  571               0      0.00000000
  565               0      0.00000000
  550               0      0.00000000
  529               0      0.00000000
  509               0      0.00000000
  504               0      0.00000000
  501               0      0.00000000
  499               0      0.00000000
  498               0      0.00000000
  458               0      0.00000000
  359               0      0.00000000
  337               0      0.00000000
  335               0      0.00000000
  316               0      0.00000000
  277               0      0.00000000
  276               0      0.00000000
  265               0      0.00000000
  246               0      0.00000000
  237               0      0.00000000
  230               0      0.00000000
  211               0      0.00000000
  202               0      0.00000000
  201               0      0.00000000
  196               0      0.00000000
  187               0      0.00000000
  166               0      0.00000000
  151               0      0.00000000
  107               0      0.00000000
   76               0      0.00000000
   73               0      0.00000000
   46               0      0.00000000
   31               0      0.00000000
   18               0      0.00000000
    8               0      0.00000000
    7               0      0.00000000
